# Brownstone dircolors

# ===================================================================
# Terminal filters
# ===================================================================
COLORTERM ?*
TERM *color*
TERM *direct*
TERM xterm*
TERM screen*
TERM tmux*
TERM rxvt*
TERM st
TERM linux
TERM konsole
TERM kitty
TERM foot
TERM gnome
TERM wezterm

# ===================================================================
# Basic file attributes (Brownstone palette)
# bg: #3e2723, fg: #e3e5e5
# sand1: #d7ccc8  sand2: #bcaaa4
# clay1: #8d6e63  clay2: #6d4c41
# ===================================================================

# Reset
RESET 0

# Intentionally leave NORMAL/FILE unset to inherit terminal defaults
# NORMAL 00
# FILE   00

# Core types
DIR 01;38;2;215;204;200                  # directories sand
LINK 01;38;2;188;170;164                 # symlinks sand2
MULTIHARDLINK 00
FIFO 48;2;62;39;35;38;2;141;110;99       # pipe: dark bg, clay1 fg
SOCK 01;38;2;215;204;200                 # socket sand
DOOR 01;38;2;215;204;200                 # door
BLK  48;2;62;39;35;38;2;141;110;99;01    # block dev
CHR  48;2;62;39;35;38;2;141;110;99;01    # char dev
ORPHAN 48;2;62;39;35;38;2;109;76;65;01   # broken link clay2
MISSING 00
SETUID 38;2;227;229;229;48;2;109;76;65   # fg soft, bg clay2
SETGID 38;2;62;39;35;48;2;141;110;99     # bg clay1
CAPABILITY 00
STICKY_OTHER_WRITABLE 38;2;62;39;35;48;2;188;170;164
OTHER_WRITABLE       38;2;215;204;200;48;2;188;170;164
STICKY               38;2;227;229;229;48;2;215;204;200
EXEC 01;38;2;141;110;99                  # executables clay1

# ===================================================================
# Archives & compressed (clay)
# ===================================================================
.7z  01;38;2;109;76;65
.ace 01;38;2;109;76;65
.alz 01;38;2;109;76;65
.apk 01;38;2;109;76;65
.arc 01;38;2;109;76;65
.arj 01;38;2;109;76;65
.bz  01;38;2;109;76;65
.bz2 01;38;2;109;76;65
.cab 01;38;2;109;76;65
.cpio 01;38;2;109;76;65
.crate 01;38;2;109;76;65
.deb 01;38;2;109;76;65
.dmg 01;38;2;109;76;65
.drz 01;38;2;109;76;65
.dwm 01;38;2;109;76;65
.dz  01;38;2;109;76;65
.ear 01;38;2;109;76;65
.egg 01;38;2;109;76;65
.gz  01;38;2;109;76;65
.iso 01;38;2;109;76;65
.jar 01;38;2;109;76;65
.lha 01;38;2;109;76;65
.lrz 01;38;2;109;76;65
.lz  01;38;2;109;76;65
.lz4 01;38;2;109;76;65
.lzh 01;38;2;109;76;65
.lzma 01;38;2;109;76;65
.lzo 01;38;2;109;76;65
.rar 01;38;2;109;76;65
.rpm 01;38;2;109;76;65
.rz  01;38;2;109;76;65
.sar 01;38;2;109;76;65
.tar 01;38;2;109;76;65
.taz 01;38;2;109;76;65
.tbz 01;38;2;109;76;65
.tbz2 01;38;2;109;76;65
.tgz 01;38;2;109;76;65
.tlz 01;38;2;109;76;65
.txz 01;38;2;109;76;65
.tz  01;38;2;109;76;65
.tzo 01;38;2;109;76;65
.tzst 01;38;2;109;76;65
.udeb 01;38;2;109;76;65
.war 01;38;2;109;76;65
.whl 01;38;2;109;76;65
.wim 01;38;2;109;76;65
.xz  01;38;2;109;76;65
.z   01;38;2;109;76;65
.zip 01;38;2;109;76;65
.zoo 01;38;2;109;76;65
.zst 01;38;2;109;76;65

# ===================================================================
# Images & video (sand), Audio (sand2)
# ===================================================================
.avif 01;38;2;215;204;200
.bmp  01;38;2;215;204;200
.gif  01;38;2;215;204;200
.jpg  01;38;2;215;204;200
.jpeg 01;38;2;215;204;200
.png  01;38;2;215;204;200
.svg  01;38;2;215;204;200
.tif  01;38;2;215;204;200
.tiff 01;38;2;215;204;200
.webp 01;38;2;215;204;200
.xcf  01;38;2;215;204;200

.avi  01;38;2;215;204;200
.flv  01;38;2;215;204;200
.m2v  01;38;2;215;204;200
.m4v  01;38;2;215;204;200
.mkv  01;38;2;215;204;200
.mov  01;38;2;215;204;200
.mp4  01;38;2;215;204;200
.mpeg 01;38;2;215;204;200
.mpg  01;38;2;215;204;200
.ogm  01;38;2;215;204;200
.ogv  01;38;2;215;204;200
.qt   01;38;2;215;204;200
.webm 01;38;2;215;204;200
.wmv  01;38;2;215;204;200

.aac  00;38;2;188;170;164
.au   00;38;2;188;170;164
.flac 00;38;2;188;170;164
.m4a  00;38;2;188;170;164
.mid  00;38;2;188;170;164
.midi 00;38;2;188;170;164
.mka  00;38;2;188;170;164
.mp3  00;38;2;188;170;164
.mpc  00;38;2;188;170;164
.ogg  00;38;2;188;170;164
.opus 00;38;2;188;170;164
.ra   00;38;2;188;170;164
.wav  00;38;2;188;170;164
.xspf 00;38;2;188;170;164

# ===================================================================
# Documents, configs, code
# ===================================================================
.md    00;38;2;227;229;229
.txt   00;38;2;227;229;229
.rst   00;38;2;227;229;229
.log   00;38;2;227;229;229
.json  00;38;2;215;204;200
.jsonl 00;38;2;215;204;200
.yaml  00;38;2;141;110;99
.yml   00;38;2;141;110;99
.toml  00;38;2;141;110;99
.ini   00;38;2;141;110;99
.env   00;38;2;141;110;99
.conf  00;38;2;141;110;99

.py    00;38;2;215;204;200
.pyc   00;38;2;109;76;65
.pyo   00;38;2;109;76;65
.rs    00;38;2;215;204;200
.ts    00;38;2;215;204;200
.tsx   00;38;2;215;204;200
.js    00;38;2;141;110;99
.jsx   00;38;2;141;110;99
.c     00;38;2;215;204;200
.cc    00;38;2;215;204;200
.cpp   00;38;2;215;204;200
.h     00;38;2;215;204;200
.hpp   00;38;2;215;204;200
.go    00;38;2;215;204;200
.rs    00;38;2;215;204;200
.java  00;38;2;215;204;200
.kt    00;38;2;215;204;200
.swift 00;38;2;215;204;200
.rb    00;38;2;215;204;200
.php   00;38;2;215;204;200
.lua   00;38;2;215;204;200
.sh    00;38;2;141;110;99
.zsh   00;38;2;141;110;99
.bash  00;38;2;141;110;99
.fish  00;38;2;141;110;99
.ps1   00;38;2;141;110;99
.sql   00;38;2;141;110;99
.csv   00;38;2;141;110;99
.parquet 00;38;2;141;110;99
.ipynb 00;38;2;141;110;99

# Web
.html  00;38;2;141;110;99
.css   00;38;2;215;204;200
.scss  00;38;2;215;204;200
.sass  00;38;2;215;204;200

# Markup and docs
.pdf   01;38;2;215;204;200
.epub  01;38;2;215;204;200

# ===================================================================
# VCS and build
# ===================================================================
.gitignore 00;38;2;109;76;65
.gitattributes 00;38;2;109;76;65
.gitmodules 00;38;2;109;76;65
.patch 00;38;2;141;110;99
.diff  00;38;2;141;110;99
.makefile 00;38;2;141;110;99
.cmake 00;38;2;141;110;99
.mk    00;38;2;141;110;99
.o     00;38;2;109;76;65
.so    00;38;2;109;76;65
.a     00;38;2;109;76;65
.class 00;38;2;109;76;65
.pyc   00;38;2;109;76;65

# ===================================================================
# Keys, certs, secrets
# ===================================================================
.pem   01;38;2;109;76;65
.key   01;38;2;109;76;65
.crt   01;38;2;109;76;65
.pub   01;38;2;188;170;164
.kdb   01;38;2;109;76;65
.gpg   01;38;2;109;76;65
.asc   01;38;2;109;76;65

# ===================================================================
# Temp, backups, partials
# ===================================================================
*~        00;38;2;109;76;65
*#        00;38;2;109;76;65
.bak      00;38;2;109;76;65
.crdownload 00;38;2;109;76;65
.dpkg-dist  00;38;2;109;76;65
.dpkg-new   00;38;2;109;76;65
.dpkg-old   00;38;2;109;76;65
.old      00;38;2;109;76;65
.orig     00;38;2;109;76;65
.part     00;38;2;109;76;65
.rej      00;38;2;109;76;65
.rpmnew   00;38;2;109;76;65
.rpmsave  00;38;2;109;76;65
.swp      00;38;2;109;76;65
.tmp      00;38;2;109;76;65
.ucf-dist 00;38;2;109;76;65
.ucf-new  00;38;2;109;76;65
.ucf-old  00;38;2;109;76;65
