# Catppuccin Mocha dircolors
# base  #1e1e2e   surface #45475a
# text  #cdd6f4
# blue  #89b4fa   mauve #cba6f7   green #a6e3a1
# peach #fab387   yellow #f9e2af  red   #f38ba8

# ===================================================================
# Terminal filters
# ===================================================================
COLORTERM ?*
TERM *color*
TERM *direct*
TERM xterm*
TERM screen*
TERM tmux*
TERM rxvt*
TERM st
TERM linux
TERM konsole
TERM kitty
TERM foot
TERM gnome
TERM wezterm

# ===================================================================
# Basic file attributes
# ===================================================================

RESET 0

# NORMAL 00
# FILE   00

DIR 01;38;2;203;166;247                  # dirs mauve
LINK 01;38;2;137;180;250                 # symlinks blue
MULTIHARDLINK 00
FIFO 48;2;30;30;46;38;2;249;226;175      # pipe base bg, yellow fg
SOCK 01;38;2;203;166;247                 # socket mauve
DOOR 01;38;2;203;166;247                 # door
BLK  48;2;30;30;46;38;2;250;179;135;01   # block dev peach
CHR  48;2;30;30;46;38;2;250;179;135;01   # char dev peach
ORPHAN 48;2;30;30;46;38;2;243;139;168;01 # broken link red
MISSING 00
SETUID 38;2;205;214;244;48;2;243;139;168 # text on red bg
SETGID 38;2;30;30;46;48;2;249;226;175    # base fg on yellow bg
CAPABILITY 00
STICKY_OTHER_WRITABLE 38;2;30;30;46;48;2;166;227;161
OTHER_WRITABLE       38;2;203;166;247;48;2;166;227;161
STICKY               38;2;205;214;244;48;2;203;166;247
EXEC 01;38;2;166;227;161                 # executables green

# ===================================================================
# Archives and compressed (red)
# ===================================================================
.7z   01;38;2;243;139;168
.ace  01;38;2;243;139;168
.alz  01;38;2;243;139;168
.apk  01;38;2;243;139;168
.arc  01;38;2;243;139;168
.arj  01;38;2;243;139;168
.bz   01;38;2;243;139;168
.bz2  01;38;2;243;139;168
.cab  01;38;2;243;139;168
.cpio 01;38;2;243;139;168
.crate 01;38;2;243;139;168
.deb  01;38;2;243;139;168
.dmg  01;38;2;243;139;168
.drz  01;38;2;243;139;168
.dwm  01;38;2;243;139;168
.dz   01;38;2;243;139;168
.ear  01;38;2;243;139;168
.egg  01;38;2;243;139;168
.gz   01;38;2;243;139;168
.iso  01;38;2;243;139;168
.jar  01;38;2;243;139;168
.lha  01;38;2;243;139;168
.lrz  01;38;2;243;139;168
.lz   01;38;2;243;139;168
.lz4  01;38;2;243;139;168
.lzh  01;38;2;243;139;168
.lzma 01;38;2;243;139;168
.lzo  01;38;2;243;139;168
.rar  01;38;2;243;139;168
.rpm  01;38;2;243;139;168
.rz   01;38;2;243;139;168
.sar  01;38;2;243;139;168
.tar  01;38;2;243;139;168
.taz  01;38;2;243;139;168
.tbz  01;38;2;243;139;168
.tbz2 01;38;2;243;139;168
.tgz  01;38;2;243;139;168
.tlz  01;38;2;243;139;168
.txz  01;38;2;243;139;168
.tz   01;38;2;243;139;168
.tzo  01;38;2;243;139;168
.tzst 01;38;2;243;139;168
.udeb 01;38;2;243;139;168
.war  01;38;2;243;139;168
.whl  01;38;2;243;139;168
.wim  01;38;2;243;139;168
.xz   01;38;2;243;139;168
.z    01;38;2;243;139;168
.zip  01;38;2;243;139;168
.zoo  01;38;2;243;139;168
.zst  01;38;2;243;139;168

# ===================================================================
# Images and video (mauve), audio (blue)
# ===================================================================
.avif 01;38;2;203;166;247
.bmp  01;38;2;203;166;247
.gif  01;38;2;203;166;247
.jpg  01;38;2;203;166;247
.jpeg 01;38;2;203;166;247
.png  01;38;2;203;166;247
.svg  01;38;2;203;166;247
.tif  01;38;2;203;166;247
.tiff 01;38;2;203;166;247
.webp 01;38;2;203;166;247
.xcf  01;38;2;203;166;247

.avi  01;38;2;203;166;247
.flv  01;38;2;203;166;247
.m2v  01;38;2;203;166;247
.m4v  01;38;2;203;166;247
.mkv  01;38;2;203;166;247
.mov  01;38;2;203;166;247
.mp4  01;38;2;203;166;247
.mpeg 01;38;2;203;166;247
.mpg  01;38;2;203;166;247
.ogm  01;38;2;203;166;247
.ogv  01;38;2;203;166;247
.qt   01;38;2;203;166;247
.webm 01;38;2;203;166;247
.wmv  01;38;2;203;166;247

.aac  00;38;2;137;180;250
.au   00;38;2;137;180;250
.flac 00;38;2;137;180;250
.m4a  00;38;2;137;180;250
.mid  00;38;2;137;180;250
.midi 00;38;2;137;180;250
.mka  00;38;2;137;180;250
.mp3  00;38;2;137;180;250
.mpc  00;38;2;137;180;250
.ogg  00;38;2;137;180;250
.opus 00;38;2;137;180;250
.ra   00;38;2;137;180;250
.wav  00;38;2;137;180;250
.xspf 00;38;2;137;180;250

# ===================================================================
# Documents, configs, code
# ===================================================================
.md    00;38;2;205;214;244
.txt   00;38;2;205;214;244
.rst   00;38;2;205;214;244
.log   00;38;2;205;214;244

.json  00;38;2;137;180;250
.jsonl 00;38;2;137;180;250

.yaml  00;38;2;250;179;135
.yml   00;38;2;250;179;135
.toml  00;38;2;250;179;135
.ini   00;38;2;250;179;135
.env   00;38;2;250;179;135
.conf  00;38;2;250;179;135

.py    00;38;2;137;180;250
.pyc   00;38;2;69;71;90
.pyo   00;38;2;69;71;90
.rs    00;38;2;137;180;250
.ts    00;38;2;137;180;250
.tsx   00;38;2;137;180;250
.js    00;38;2;250;179;135
.jsx   00;38;2;250;179;135
.c     00;38;2;137;180;250
.cc    00;38;2;137;180;250
.cpp   00;38;2;137;180;250
.h     00;38;2;137;180;250
.hpp   00;38;2;137;180;250
.go    00;38;2;137;180;250
.rs    00;38;2;137;180;250
.java  00;38;2;137;180;250
.kt    00;38;2;137;180;250
.swift 00;38;2;137;180;250
.rb    00;38;2;137;180;250
.php   00;38;2;137;180;250
.lua   00;38;2;137;180;250

.sh    00;38;2;166;227;161
.zsh   00;38;2;166;227;161
.bash  00;38;2;166;227;161
.fish  00;38;2;166;227;161
.ps1   00;38;2;166;227;161

.sql     00;38;2;250;179;135
.csv     00;38;2;250;179;135
.parquet 00;38;2;250;179;135
.ipynb   00;38;2;250;179;135

# Web
.html  00;38;2;250;179;135
.css   00;38;2;203;166;247
.scss  00;38;2;203;166;247
.sass  00;38;2;203;166;247

# Markup and docs
.pdf   01;38;2;250;179;135
.epub  01;38;2;250;179;135

# ===================================================================
# VCS and build
# ===================================================================
.gitignore    00;38;2;69;71;90
.gitattributes 00;38;2;69;71;90
.gitmodules   00;38;2;69;71;90
.patch        00;38;2;249;226;175
.diff         00;38;2;249;226;175
.makefile     00;38;2;249;226;175
.cmake        00;38;2;249;226;175
.mk           00;38;2;249;226;175
.o            00;38;2;69;71;90
.so           00;38;2;69;71;90
.a            00;38;2;69;71;90
.class        00;38;2;69;71;90
.pyc          00;38;2;69;71;90

# ===================================================================
# Keys, certs, secrets
# ===================================================================
.pem  01;38;2;243;139;168
.key  01;38;2;243;139;168
.crt  01;38;2;243;139;168
.pub  00;38;2;137;180;250
.kdb  01;38;2;243;139;168
.gpg  01;38;2;243;139;168
.asc  01;38;2;243;139;168

# ===================================================================
# Temp, backups, partials
# ===================================================================
*~        00;38;2;69;71;90
*#        00;38;2;69;71;90
.bak      00;38;2;69;71;90
.crdownload 00;38;2;69;71;90
.dpkg-dist  00;38;2;69;71;90
.dpkg-new   00;38;2;69;71;90
.dpkg-old   00;38;2;69;71;90
.old      00;38;2;69;71;90
.orig     00;38;2;69;71;90
.part     00;38;2;69;71;90
.rej      00;38;2;69;71;90
.rpmnew   00;38;2;69;71;90
.rpmsave  00;38;2;69;71;90
.swp      00;38;2;69;71;90
.tmp      00;38;2;69;71;90
.ucf-dist 00;38;2;69;71;90
.ucf-new  00;38;2;69;71;90
.ucf-old  00;38;2;69;71;90
