# Green Grove dircolors

# ===================================================================
# Terminal filters
# ===================================================================
COLORTERM ?*
TERM *color*
TERM *direct*
TERM xterm*
TERM screen*
TERM tmux*
TERM rxvt*
TERM st
TERM linux
TERM konsole
TERM kitty
TERM foot
TERM gnome
TERM wezterm

# ===================================================================
# Basic file attributes (Green Grove palette)
# bg: #090c0c, fg: #e3e5e5
# lime:  #8bc34a  leaf:  #9ccc65
# stem:  #558b2f  moss:  #33691e  deep: #1b5e20
# ===================================================================

# Reset
RESET 0

# Intentionally leave NORMAL/FILE unset to inherit terminal defaults
# NORMAL 00
# FILE   00

# Core types
DIR 01;38;2;156;204;101                  # directories leaf
LINK 01;38;2;139;195;74                  # symlinks lime
MULTIHARDLINK 00
FIFO 48;2;9;12;12;38;2;85;139;47         # pipe: dark bg, stem fg
SOCK 01;38;2;156;204;101                 # socket leaf
DOOR 01;38;2;156;204;101                 # door
BLK  48;2;9;12;12;38;2;85;139;47;01      # block dev
CHR  48;2;9;12;12;38;2;85;139;47;01      # char dev
ORPHAN 48;2;9;12;12;38;2;51;105;30;01    # broken link deep on dark bg
MISSING 00
SETUID 38;2;227;229;229;48;2;51;105;30   # fg soft, bg deep
SETGID 38;2;9;12;12;48;2;85;139;47       # bg stem
CAPABILITY 00
STICKY_OTHER_WRITABLE 38;2;9;12;12;48;2;139;195;74
OTHER_WRITABLE       38;2;156;204;101;48;2;139;195;74
STICKY               38;2;227;229;229;48;2;156;204;101
EXEC 01;38;2;139;195;74                  # executables lime bold

# ===================================================================
# Archives & compressed (deep moss)
# ===================================================================
.7z  01;38;2;51;105;30
.ace 01;38;2;51;105;30
.alz 01;38;2;51;105;30
.apk 01;38;2;51;105;30
.arc 01;38;2;51;105;30
.arj 01;38;2;51;105;30
.bz  01;38;2;51;105;30
.bz2 01;38;2;51;105;30
.cab 01;38;2;51;105;30
.cpio 01;38;2;51;105;30
.crate 01;38;2;51;105;30
.deb 01;38;2;51;105;30
.dmg 01;38;2;51;105;30
.drz 01;38;2;51;105;30
.dwm 01;38;2;51;105;30
.dz  01;38;2;51;105;30
.ear 01;38;2;51;105;30
.egg 01;38;2;51;105;30
.gz  01;38;2;51;105;30
.iso 01;38;2;51;105;30
.jar 01;38;2;51;105;30
.lha 01;38;2;51;105;30
.lrz 01;38;2;51;105;30
.lz  01;38;2;51;105;30
.lz4 01;38;2;51;105;30
.lzh 01;38;2;51;105;30
.lzma 01;38;2;51;105;30
.lzo 01;38;2;51;105;30
.rar 01;38;2;51;105;30
.rpm 01;38;2;51;105;30
.rz  01;38;2;51;105;30
.sar 01;38;2;51;105;30
.tar 01;38;2;51;105;30
.taz 01;38;2;51;105;30
.tbz 01;38;2;51;105;30
.tbz2 01;38;2;51;105;30
.tgz 01;38;2;51;105;30
.tlz 01;38;2;51;105;30
.txz 01;38;2;51;105;30
.tz  01;38;2;51;105;30
.tzo 01;38;2;51;105;30
.tzst 01;38;2;51;105;30
.udeb 01;38;2;51;105;30
.war 01;38;2;51;105;30
.whl 01;38;2;51;105;30
.wim 01;38;2;51;105;30
.xz  01;38;2;51;105;30
.z   01;38;2;51;105;30
.zip 01;38;2;51;105;30
.zoo 01;38;2;51;105;30
.zst 01;38;2;51;105;30

# ===================================================================
# Images & video (leaf), Audio (lime)
# ===================================================================
.avif 01;38;2;156;204;101
.bmp  01;38;2;156;204;101
.gif  01;38;2;156;204;101
.jpg  01;38;2;156;204;101
.jpeg 01;38;2;156;204;101
.png  01;38;2;156;204;101
.svg  01;38;2;156;204;101
.tif  01;38;2;156;204;101
.tiff 01;38;2;156;204;101
.webp 01;38;2;156;204;101
.xcf  01;38;2;156;204;101

.avi  01;38;2;156;204;101
.flv  01;38;2;156;204;101
.m2v  01;38;2;156;204;101
.m4v  01;38;2;156;204;101
.mkv  01;38;2;156;204;101
.mov  01;38;2;156;204;101
.mp4  01;38;2;156;204;101
.mpeg 01;38;2;156;204;101
.mpg  01;38;2;156;204;101
.ogm  01;38;2;156;204;101
.ogv  01;38;2;156;204;101
.qt   01;38;2;156;204;101
.webm 01;38;2;156;204;101
.wmv  01;38;2;156;204;101

.aac  00;38;2;139;195;74
.au   00;38;2;139;195;74
.flac 00;38;2;139;195;74
.m4a  00;38;2;139;195;74
.mid  00;38;2;139;195;74
.midi 00;38;2;139;195;74
.mka  00;38;2;139;195;74
.mp3  00;38;2;139;195;74
.mpc  00;38;2;139;195;74
.ogg  00;38;2;139;195;74
.opus 00;38;2;139;195;74
.ra   00;38;2;139;195;74
.wav  00;38;2;139;195;74
.xspf 00;38;2;139;195;74

# ===================================================================
# Documents, configs, code
# ===================================================================
.md    00;38;2;227;229;229
.txt   00;38;2;227;229;229
.rst   00;38;2;227;229;229
.log   00;38;2;227;229;229
.json  00;38;2;156;204;101
.jsonl 00;38;2;156;204;101
.yaml  00;38;2;85;139;47
.yml   00;38;2;85;139;47
.toml  00;38;2;85;139;47
.ini   00;38;2;85;139;47
.env   00;38;2;85;139;47
.conf  00;38;2;85;139;47

.py    00;38;2;156;204;101
.pyc   00;38;2;51;105;30
.pyo   00;38;2;51;105;30
.rs    00;38;2;156;204;101
.ts    00;38;2;156;204;101
.tsx   00;38;2;156;204;101
.js    00;38;2;85;139;47
.jsx   00;38;2;85;139;47
.c     00;38;2;156;204;101
.cc    00;38;2;156;204;101
.cpp   00;38;2;156;204;101
.h     00;38;2;156;204;101
.hpp   00;38;2;156;204;101
.go    00;38;2;156;204;101
.rs    00;38;2;156;204;101
.java  00;38;2;156;204;101
.kt    00;38;2;156;204;101
.swift 00;38;2;156;204;101
.rb    00;38;2;156;204;101
.php   00;38;2;156;204;101
.lua   00;38;2;156;204;101
.sh    00;38;2;139;195;74
.zsh   00;38;2;139;195;74
.bash  00;38;2;139;195;74
.fish  00;38;2;139;195;74
.ps1   00;38;2;139;195;74
.sql   00;38;2;85;139;47
.csv   00;38;2;85;139;47
.parquet 00;38;2;85;139;47
.ipynb 00;38;2;85;139;47

# Web
.html  00;38;2;85;139;47
.css   00;38;2;156;204;101
.scss  00;38;2;156;204;101
.sass  00;38;2;156;204;101

# Markup and docs
.pdf   01;38;2;156;204;101
.epub  01;38;2;156;204;101

# ===================================================================
# VCS and build
# ===================================================================
.gitignore 00;38;2;51;105;30
.gitattributes 00;38;2;51;105;30
.gitmodules 00;38;2;51;105;30
.patch 00;38;2;85;139;47
.diff  00;38;2;85;139;47
.makefile 00;38;2;85;139;47
.cmake 00;38;2;85;139;47
.mk    00;38;2;85;139;47
.o     00;38;2;51;105;30
.so    00;38;2;51;105;30
.a     00;38;2;51;105;30
.class 00;38;2;51;105;30
.pyc   00;38;2;51;105;30

# ===================================================================
# Keys, certs, secrets
# ===================================================================
.pem   01;38;2;51;105;30
.key   01;38;2;51;105;30
.crt   01;38;2;51;105;30
.pub   01;38;2;139;195;74
.kdb   01;38;2;51;105;30
.gpg   01;38;2;51;105;30
.asc   01;38;2;51;105;30

# ===================================================================
# Temp, backups, partials
# ===================================================================
*~        00;38;2;51;105;30
*#        00;38;2;51;105;30
.bak      00;38;2;51;105;30
.crdownload 00;38;2;51;105;30
.dpkg-dist  00;38;2;51;105;30
.dpkg-new   00;38;2;51;105;30
.dpkg-old   00;38;2;51;105;30
.old      00;38;2;51;105;30
.orig     00;38;2;51;105;30
.part     00;38;2;51;105;30
.rej      00;38;2;51;105;30
.rpmnew   00;38;2;51;105;30
.rpmsave  00;38;2;51;105;30
.swp      00;38;2;51;105;30
.tmp      00;38;2;51;105;30
.ucf-dist 00;38;2;51;105;30
.ucf-new  00;38;2;51;105;30
.ucf-old  00;38;2;51;105;30
