# Glacier Indigo dircolors

# ===================================================================
# Terminal filters
# ===================================================================
COLORTERM ?*
TERM *color*
TERM *direct*
TERM xterm*
TERM screen*
TERM tmux*
TERM rxvt*
TERM st
TERM linux
TERM konsole
TERM kitty
TERM foot
TERM gnome
TERM wezterm

# ===================================================================
# Basic file attributes (Glacier Indigo palette)
# base    #0b1020   deep navy
# surface #141a2a   slightly lighter
# text   #cdd6f4    soft light
# blue   #7aa2f7    primary accent
# violet #a78bfa    secondary accent
# border #1b2338    muted border
# ===================================================================

# Reset
RESET 0

# Intentionally leave NORMAL/FILE unset to inherit terminal defaults
# NORMAL 00
# FILE   00

# Core types
DIR 01;38;2;167;139;250                  # directories violet
LINK 01;38;2;122;162;247                 # symlinks blue
MULTIHARDLINK 00
FIFO 48;2;11;16;32;38;2;167;139;250      # pipe: base bg, violet fg
SOCK 01;38;2;167;139;250                 # socket violet
DOOR 01;38;2;167;139;250                 # door (Illumos)
BLK  48;2;11;16;32;38;2;167;139;250;01   # block dev
CHR  48;2;11;16;32;38;2;167;139;250;01   # char dev
ORPHAN 48;2;11;16;32;38;2;122;162;247;01 # broken link blue on base
MISSING 00
SETUID 38;2;205;214;244;48;2;122;162;247 # fg soft, bg blue
SETGID 38;2;11;16;32;48;2;167;139;250    # bg violet
CAPABILITY 00
STICKY_OTHER_WRITABLE 38;2;11;16;32;48;2;122;162;247
OTHER_WRITABLE       38;2;167;139;250;48;2;122;162;247
STICKY               38;2;205;214;244;48;2;167;139;250
EXEC 01;38;2;122;162;247                 # executables blue bold

# ===================================================================
# Archives & compressed (violet)
# ===================================================================
.7z   01;38;2;167;139;250
.ace  01;38;2;167;139;250
.alz  01;38;2;167;139;250
.apk  01;38;2;167;139;250
.arc  01;38;2;167;139;250
.arj  01;38;2;167;139;250
.bz   01;38;2;167;139;250
.bz2  01;38;2;167;139;250
.cab  01;38;2;167;139;250
.cpio 01;38;2;167;139;250
.crate 01;38;2;167;139;250
.deb  01;38;2;167;139;250
.dmg  01;38;2;167;139;250
.drz  01;38;2;167;139;250
.dwm  01;38;2;167;139;250
.dz   01;38;2;167;139;250
.ear  01;38;2;167;139;250
.egg  01;38;2;167;139;250
.gz   01;38;2;167;139;250
.iso  01;38;2;167;139;250
.jar  01;38;2;167;139;250
.lha  01;38;2;167;139;250
.lrz  01;38;2;167;139;250
.lz   01;38;2;167;139;250
.lz4  01;38;2;167;139;250
.lzh  01;38;2;167;139;250
.lzma 01;38;2;167;139;250
.lzo  01;38;2;167;139;250
.rar  01;38;2;167;139;250
.rpm  01;38;2;167;139;250
.rz   01;38;2;167;139;250
.sar  01;38;2;167;139;250
.tar  01;38;2;167;139;250
.taz  01;38;2;167;139;250
.tbz  01;38;2;167;139;250
.tbz2 01;38;2;167;139;250
.tgz  01;38;2;167;139;250
.tlz  01;38;2;167;139;250
.txz  01;38;2;167;139;250
.tz   01;38;2;167;139;250
.tzo  01;38;2;167;139;250
.tzst 01;38;2;167;139;250
.udeb 01;38;2;167;139;250
.war  01;38;2;167;139;250
.whl  01;38;2;167;139;250
.wim  01;38;2;167;139;250
.xz   01;38;2;167;139;250
.z    01;38;2;167;139;250
.zip  01;38;2;167;139;250
.zoo  01;38;2;167;139;250
.zst  01;38;2;167;139;250

# ===================================================================
# Images & video (blue), Audio (violet)
# ===================================================================
.avif 01;38;2;122;162;247
.bmp  01;38;2;122;162;247
.gif  01;38;2;122;162;247
.jpg  01;38;2;122;162;247
.jpeg 01;38;2;122;162;247
.png  01;38;2;122;162;247
.svg  01;38;2;122;162;247
.tif  01;38;2;122;162;247
.tiff 01;38;2;122;162;247
.webp 01;38;2;122;162;247
.xcf  01;38;2;122;162;247

.avi  01;38;2;122;162;247
.flv  01;38;2;122;162;247
.m2v  01;38;2;122;162;247
.m4v  01;38;2;122;162;247
.mkv  01;38;2;122;162;247
.mov  01;38;2;122;162;247
.mp4  01;38;2;122;162;247
.mpeg 01;38;2;122;162;247
.mpg  01;38;2;122;162;247
.ogm  01;38;2;122;162;247
.ogv  01;38;2;122;162;247
.qt   01;38;2;122;162;247
.webm 01;38;2;122;162;247
.wmv  01;38;2;122;162;247

.aac  00;38;2;167;139;250
.au   00;38;2;167;139;250
.flac 00;38;2;167;139;250
.m4a  00;38;2;167;139;250
.mid  00;38;2;167;139;250
.midi 00;38;2;167;139;250
.mka  00;38;2;167;139;250
.mp3  00;38;2;167;139;250
.mpc  00;38;2;167;139;250
.ogg  00;38;2;167;139;250
.opus 00;38;2;167;139;250
.ra   00;38;2;167;139;250
.wav  00;38;2;167;139;250
.xspf 00;38;2;167;139;250

# ===================================================================
# Documents, configs, code
# ===================================================================
.md    00;38;2;205;214;244
.txt   00;38;2;205;214;244
.rst   00;38;2;205;214;244
.log   00;38;2;205;214;244
.json  00;38;2;122;162;247
.jsonl 00;38;2;122;162;247
.yaml  00;38;2;167;139;250
.yml   00;38;2;167;139;250
.toml  00;38;2;167;139;250
.ini   00;38;2;167;139;250
.env   00;38;2;167;139;250
.conf  00;38;2;167;139;250

.py    00;38;2;122;162;247
.pyc   00;38;2;27;35;56
.pyo   00;38;2;27;35;56
.rs    00;38;2;122;162;247
.ts    00;38;2;122;162;247
.tsx   00;38;2;122;162;247
.js    00;38;2;167;139;250
.jsx   00;38;2;167;139;250
.c     00;38;2;122;162;247
.cc    00;38;2;122;162;247
.cpp   00;38;2;122;162;247
.h     00;38;2;122;162;247
.hpp   00;38;2;122;162;247
.go    00;38;2;122;162;247
.rs    00;38;2;122;162;247
.java  00;38;2;122;162;247
.kt    00;38;2;122;162;247
.swift 00;38;2;122;162;247
.rb    00;38;2;122;162;247
.php   00;38;2;122;162;247
.lua   00;38;2;122;162;247
.sh    00;38;2;122;162;247
.zsh   00;38;2;122;162;247
.bash  00;38;2;122;162;247
.fish  00;38;2;122;162;247
.ps1   00;38;2;122;162;247
.sql   00;38;2;167;139;250
.csv   00;38;2;167;139;250
.parquet 00;38;2;167;139;250
.ipynb 00;38;2;167;139;250

# Web
.html  00;38;2;167;139;250
.css   00;38;2;122;162;247
.scss  00;38;2;122;162;247
.sass  00;38;2;122;162;247

# Markup and docs
.pdf   01;38;2;122;162;247
.epub  01;38;2;122;162;247

# ===================================================================
# VCS and build
# ===================================================================
.gitignore     00;38;2;27;35;56
.gitattributes 00;38;2;27;35;56
.gitmodules    00;38;2;27;35;56
.patch  00;38;2;167;139;250
.diff   00;38;2;167;139;250
.makefile 00;38;2;167;139;250
.cmake   00;38;2;167;139;250
.mk      00;38;2;167;139;250
.o       00;38;2;27;35;56
.so      00;38;2;27;35;56
.a       00;38;2;27;35;56
.class   00;38;2;27;35;56
.pyc     00;38;2;27;35;56

# ===================================================================
# Keys, certs, secrets
# ===================================================================
.pem   01;38;2;167;139;250
.key   01;38;2;167;139;250
.crt   01;38;2;167;139;250
.pub   01;38;2;122;162;247
.kdb   01;38;2;167;139;250
.gpg   01;38;2;167;139;250
.asc   01;38;2;167;139;250

# ===================================================================
# Temp, backups, partials
# ===================================================================
*~        00;38;2;27;35;56
*#        00;38;2;27;35;56
.bak      00;38;2;27;35;56
.crdownload 00;38;2;27;35;56
.dpkg-dist  00;38;2;27;35;56
.dpkg-new   00;38;2;27;35;56
.dpkg-old   00;38;2;27;35;56
.old      00;38;2;27;35;56
.orig     00;38;2;27;35;56
.part     00;38;2;27;35;56
.rej      00;38;2;27;35;56
.rpmnew   00;38;2;27;35;56
.rpmsave  00;38;2;27;35;56
.swp      00;38;2;27;35;56
.tmp      00;38;2;27;35;56
.ucf-dist 00;38;2;27;35;56
.ucf-new  00;38;2;27;35;56
.ucf-old  00;38;2;27;35;56
