# red
# Crimson Forge dircolors

# ===================================================================
# Terminal filters
# ===================================================================
COLORTERM ?*
TERM *color*
TERM *direct*
TERM xterm*
TERM screen*
TERM tmux*
TERM rxvt*
TERM st
TERM linux
TERM konsole
TERM kitty
TERM foot
TERM gnome
TERM wezterm

# ===================================================================
# Basic file attributes (Crimson Forge palette)
# base:  #090c0c  (near-black)
# text:  #e3e5e5  (soft light)
# soft:  #f07b85  (rose)
# main:  #e06c75  (crimson)
# mid:   #b54048  (brick)
# deep:  #8c2b2f  (wine)
# core:  #4a1619  (blood)
# ===================================================================

# Reset
RESET 0

# Intentionally leave NORMAL/FILE unset to inherit terminal defaults
# NORMAL 00
# FILE   00

# Core types
DIR 01;38;2;240;123;133                  # directories soft rose
LINK 01;38;2;224;108;117                 # symlinks crimson
MULTIHARDLINK 00
FIFO 48;2;9;12;12;38;2;181;64;72         # pipe: base bg, brick fg
SOCK 01;38;2;240;123;133                 # socket soft rose
DOOR 01;38;2;240;123;133                 # door
BLK  48;2;9;12;12;38;2;181;64;72;01      # block dev brick
CHR  48;2;9;12;12;38;2;181;64;72;01      # char dev brick
ORPHAN 48;2;9;12;12;38;2;140;43;47;01    # broken link deep red
MISSING 00
SETUID 38;2;227;229;229;48;2;140;43;47   # fg soft, bg deep
SETGID 38;2;9;12;12;48;2;181;64;72       # bg brick
CAPABILITY 00
STICKY_OTHER_WRITABLE 38;2;9;12;12;48;2;224;108;117
OTHER_WRITABLE       38;2;240;123;133;48;2;224;108;117
STICKY               38;2;227;229;229;48;2;240;123;133
EXEC 01;38;2;224;108;117                  # executables crimson

# ===================================================================
# Archives & compressed (brick)
# ===================================================================
.7z   01;38;2;181;64;72
.ace  01;38;2;181;64;72
.alz  01;38;2;181;64;72
.apk  01;38;2;181;64;72
.arc  01;38;2;181;64;72
.arj  01;38;2;181;64;72
.bz   01;38;2;181;64;72
.bz2  01;38;2;181;64;72
.cab  01;38;2;181;64;72
.cpio 01;38;2;181;64;72
.crate 01;38;2;181;64;72
.deb  01;38;2;181;64;72
.dmg  01;38;2;181;64;72
.drz  01;38;2;181;64;72
.dwm  01;38;2;181;64;72
.dz   01;38;2;181;64;72
.ear  01;38;2;181;64;72
.egg  01;38;2;181;64;72
.gz   01;38;2;181;64;72
.iso  01;38;2;181;64;72
.jar  01;38;2;181;64;72
.lha  01;38;2;181;64;72
.lrz  01;38;2;181;64;72
.lz   01;38;2;181;64;72
.lz4  01;38;2;181;64;72
.lzh  01;38;2;181;64;72
.lzma 01;38;2;181;64;72
.lzo  01;38;2;181;64;72
.rar  01;38;2;181;64;72
.rpm  01;38;2;181;64;72
.rz   01;38;2;181;64;72
.sar  01;38;2;181;64;72
.tar  01;38;2;181;64;72
.taz  01;38;2;181;64;72
.tbz  01;38;2;181;64;72
.tbz2 01;38;2;181;64;72
.tgz  01;38;2;181;64;72
.tlz  01;38;2;181;64;72
.txz  01;38;2;181;64;72
.tz   01;38;2;181;64;72
.tzo  01;38;2;181;64;72
.tzst 01;38;2;181;64;72
.udeb 01;38;2;181;64;72
.war  01;38;2;181;64;72
.whl  01;38;2;181;64;72
.wim  01;38;2;181;64;72
.xz   01;38;2;181;64;72
.z    01;38;2;181;64;72
.zip  01;38;2;181;64;72
.zoo  01;38;2;181;64;72
.zst  01;38;2;181;64;72

# ===================================================================
# Images & video (soft rose), Audio (crimson)
# ===================================================================
.avif 01;38;2;240;123;133
.bmp  01;38;2;240;123;133
.gif  01;38;2;240;123;133
.jpg  01;38;2;240;123;133
.jpeg 01;38;2;240;123;133
.png  01;38;2;240;123;133
.svg  01;38;2;240;123;133
.tif  01;38;2;240;123;133
.tiff 01;38;2;240;123;133
.webp 01;38;2;240;123;133
.xcf  01;38;2;240;123;133

.avi  01;38;2;240;123;133
.flv  01;38;2;240;123;133
.m2v  01;38;2;240;123;133
.m4v  01;38;2;240;123;133
.mkv  01;38;2;240;123;133
.mov  01;38;2;240;123;133
.mp4  01;38;2;240;123;133
.mpeg 01;38;2;240;123;133
.mpg  01;38;2;240;123;133
.ogm  01;38;2;240;123;133
.ogv  01;38;2;240;123;133
.qt   01;38;2;240;123;133
.webm 01;38;2;240;123;133
.wmv  01;38;2;240;123;133

.aac  00;38;2;224;108;117
.au   00;38;2;224;108;117
.flac 00;38;2;224;108;117
.m4a  00;38;2;224;108;117
.mid  00;38;2;224;108;117
.midi 00;38;2;224;108;117
.mka  00;38;2;224;108;117
.mp3  00;38;2;224;108;117
.mpc  00;38;2;224;108;117
.ogg  00;38;2;224;108;117
.opus 00;38;2;224;108;117
.ra   00;38;2;224;108;117
.wav  00;38;2;224;108;117
.xspf 00;38;2;224;108;117

# ===================================================================
# Documents, configs, code
# ===================================================================
.md    00;38;2;227;229;229
.txt   00;38;2;227;229;229
.rst   00;38;2;227;229;229
.log   00;38;2;227;229;229

.json  00;38;2;224;108;117
.jsonl 00;38;2;224;108;117

.yaml  00;38;2;181;64;72
.yml   00;38;2;181;64;72
.toml  00;38;2;181;64;72
.ini   00;38;2;181;64;72
.env   00;38;2;181;64;72
.conf  00;38;2;181;64;72

.py    00;38;2;224;108;117
.pyc   00;38;2;74;22;25
.pyo   00;38;2;74;22;25
.rs    00;38;2;224;108;117
.ts    00;38;2;224;108;117
.tsx   00;38;2;224;108;117
.js    00;38;2;181;64;72
.jsx   00;38;2;181;64;72
.c     00;38;2;224;108;117
.cc    00;38;2;224;108;117
.cpp   00;38;2;224;108;117
.h     00;38;2;224;108;117
.hpp   00;38;2;224;108;117
.go    00;38;2;224;108;117
.java  00;38;2;224;108;117
.kt    00;38;2;224;108;117
.swift 00;38;2;224;108;117
.rb    00;38;2;224;108;117
.php   00;38;2;224;108;117
.lua   00;38;2;224;108;117

.sh    00;38;2;240;123;133
.zsh   00;38;2;240;123;133
.bash  00;38;2;240;123;133
.fish  00;38;2;240;123;133
.ps1   00;38;2;240;123;133

.sql     00;38;2;181;64;72
.csv     00;38;2;181;64;72
.parquet 00;38;2;181;64;72
.ipynb   00;38;2;181;64;72

# Web
.html  00;38;2;181;64;72
.css   00;38;2;240;123;133
.scss  00;38;2;240;123;133
.sass  00;38;2;240;123;133

# Markup and docs
.pdf   01;38;2;240;123;133
.epub  01;38;2;240;123;133

# ===================================================================
# VCS and build
# ===================================================================
.gitignore    00;38;2;74;22;25
.gitattributes 00;38;2;74;22;25
.gitmodules   00;38;2;74;22;25
.patch        00;38;2;224;108;117
.diff         00;38;2;224;108;117
.makefile     00;38;2;224;108;117
.cmake        00;38;2;224;108;117
.mk           00;38;2;224;108;117
.o            00;38;2;74;22;25
.so           00;38;2;74;22;25
.a            00;38;2;74;22;25
.class        00;38;2;74;22;25
.pyc          00;38;2;74;22;25

# ===================================================================
# Keys, certs, secrets
# ===================================================================
.pem   01;38;2;181;64;72
.key   01;38;2;181;64;72
.crt   01;38;2;181;64;72
.pub   01;38;2;224;108;117
.kdb   01;38;2;181;64;72
.gpg   01;38;2;181;64;72
.asc   01;38;2;181;64;72

# ===================================================================
# Temp, backups, partials
# ===================================================================
*~        00;38;2;74;22;25
*#        00;38;2;74;22;25
.bak      00;38;2;74;22;25
.crdownload 00;38;2;74;22;25
.dpkg-dist  00;38;2;74;22;25
.dpkg-new   00;38;2;74;22;25
.dpkg-old   00;38;2;74;22;25
.old      00;38;2;74;22;25
.orig     00;38;2;74;22;25
.part     00;38;2;74;22;25
.rej      00;38;2;74;22;25
.rpmnew   00;38;2;74;22;25
.rpmsave  00;38;2;74;22;25
.swp      00;38;2;74;22;25
.tmp      00;38;2;74;22;25
.ucf-dist 00;38;2;74;22;25
.ucf-new  00;38;2;74;22;25
.ucf-old  00;38;2;74;22;25
