# Swirl Rose dircolors
# base  #0b0e14   text  #e6d0d6
# rose1 #ff7eb6   rose2 #ff4d94   soft #ff8db4   dim #4b1f35

# ===================================================================
# Terminal filters
# ===================================================================
COLORTERM ?*
TERM *color*
TERM *direct*
TERM xterm*
TERM screen*
TERM tmux*
TERM rxvt*
TERM st
TERM linux
TERM konsole
TERM kitty
TERM foot
TERM gnome
TERM wezterm

# ===================================================================
# Basic file attributes
# ===================================================================

RESET 0

# leave NORMAL/FILE to terminal defaults
# NORMAL 00
# FILE   00

DIR 01;38;2;255;126;182                  # dirs rose1
LINK 01;38;2;255;141;180                 # symlinks soft rose
MULTIHARDLINK 00
FIFO 48;2;11;14;20;38;2;255;126;182      # pipe: base bg, rose1 fg
SOCK 01;38;2;255;126;182                 # socket
DOOR 01;38;2;255;126;182                 # door
BLK  48;2;11;14;20;38;2;255;77;148;01    # block dev rose2
CHR  48;2;11;14;20;38;2;255;77;148;01    # char dev rose2
ORPHAN 48;2;11;14;20;38;2;255;77;148;01  # broken link
MISSING 00
SETUID 38;2;230;208;214;48;2;255;77;148  # text on rose2 bg
SETGID 38;2;11;14;20;48;2;255;141;180    # soft rose bg
CAPABILITY 00
STICKY_OTHER_WRITABLE 38;2;11;14;20;48;2;255;126;182
OTHER_WRITABLE       38;2;255;126;182;48;2;75;31;53
STICKY               38;2;230;208;214;48;2;255;126;182
EXEC 01;38;2;255;126;182                 # executables rose1 bold

# ===================================================================
# Archives and compressed (rose2)
# ===================================================================
.7z   01;38;2;255;77;148
.ace  01;38;2;255;77;148
.alz  01;38;2;255;77;148
.apk  01;38;2;255;77;148
.arc  01;38;2;255;77;148
.arj  01;38;2;255;77;148
.bz   01;38;2;255;77;148
.bz2  01;38;2;255;77;148
.cab  01;38;2;255;77;148
.cpio 01;38;2;255;77;148
.crate 01;38;2;255;77;148
.deb  01;38;2;255;77;148
.dmg  01;38;2;255;77;148
.drz  01;38;2;255;77;148
.dwm  01;38;2;255;77;148
.dz   01;38;2;255;77;148
.ear  01;38;2;255;77;148
.egg  01;38;2;255;77;148
.gz   01;38;2;255;77;148
.iso  01;38;2;255;77;148
.jar  01;38;2;255;77;148
.lha  01;38;2;255;77;148
.lrz  01;38;2;255;77;148
.lz   01;38;2;255;77;148
.lz4  01;38;2;255;77;148
.lzh  01;38;2;255;77;148
.lzma 01;38;2;255;77;148
.lzo  01;38;2;255;77;148
.rar  01;38;2;255;77;148
.rpm  01;38;2;255;77;148
.rz   01;38;2;255;77;148
.sar  01;38;2;255;77;148
.tar  01;38;2;255;77;148
.taz  01;38;2;255;77;148
.tbz  01;38;2;255;77;148
.tbz2 01;38;2;255;77;148
.tgz  01;38;2;255;77;148
.tlz  01;38;2;255;77;148
.txz  01;38;2;255;77;148
.tz   01;38;2;255;77;148
.tzo  01;38;2;255;77;148
.tzst 01;38;2;255;77;148
.udeb 01;38;2;255;77;148
.war  01;38;2;255;77;148
.whl  01;38;2;255;77;148
.wim  01;38;2;255;77;148
.xz   01;38;2;255;77;148
.z    01;38;2;255;77;148
.zip  01;38;2;255;77;148
.zoo  01;38;2;255;77;148
.zst  01;38;2;255;77;148

# ===================================================================
# Images and video (rose1), audio (soft rose)
# ===================================================================
.avif 01;38;2;255;126;182
.bmp  01;38;2;255;126;182
.gif  01;38;2;255;126;182
.jpg  01;38;2;255;126;182
.jpeg 01;38;2;255;126;182
.png  01;38;2;255;126;182
.svg  01;38;2;255;126;182
.tif  01;38;2;255;126;182
.tiff 01;38;2;255;126;182
.webp 01;38;2;255;126;182
.xcf  01;38;2;255;126;182

.avi  01;38;2;255;126;182
.flv  01;38;2;255;126;182
.m2v  01;38;2;255;126;182
.m4v  01;38;2;255;126;182
.mkv  01;38;2;255;126;182
.mov  01;38;2;255;126;182
.mp4  01;38;2;255;126;182
.mpeg 01;38;2;255;126;182
.mpg  01;38;2;255;126;182
.ogm  01;38;2;255;126;182
.ogv  01;38;2;255;126;182
.qt   01;38;2;255;126;182
.webm 01;38;2;255;126;182
.wmv  01;38;2;255;126;182

.aac  00;38;2;255;141;180
.au   00;38;2;255;141;180
.flac 00;38;2;255;141;180
.m4a  00;38;2;255;141;180
.mid  00;38;2;255;141;180
.midi 00;38;2;255;141;180
.mka  00;38;2;255;141;180
.mp3  00;38;2;255;141;180
.mpc  00;38;2;255;141;180
.ogg  00;38;2;255;141;180
.opus 00;38;2;255;141;180
.ra   00;38;2;255;141;180
.wav  00;38;2;255;141;180
.xspf 00;38;2;255;141;180

# ===================================================================
# Documents, configs, code
# ===================================================================
.md    00;38;2;230;208;214
.txt   00;38;2;230;208;214
.rst   00;38;2;230;208;214
.log   00;38;2;230;208;214

.json  00;38;2;255;141;180
.jsonl 00;38;2;255;141;180

.yaml  00;38;2;255;126;182
.yml   00;38;2;255;126;182
.toml  00;38;2;255;126;182
.ini   00;38;2;255;126;182
.env   00;38;2;255;126;182
.conf  00;38;2;255;126;182

.py    00;38;2;255;141;180
.pyc   00;38;2;75;31;53
.pyo   00;38;2;75;31;53
.rs    00;38;2;255;141;180
.ts    00;38;2;255;141;180
.tsx   00;38;2;255;141;180
.js    00;38;2;255;126;182
.jsx   00;38;2;255;126;182
.c     00;38;2;255;141;180
.cc    00;38;2;255;141;180
.cpp   00;38;2;255;141;180
.h     00;38;2;255;141;180
.hpp   00;38;2;255;141;180
.go    00;38;2;255;141;180
.rs    00;38;2;255;141;180
.java  00;38;2;255;141;180
.kt    00;38;2;255;141;180
.swift 00;38;2;255;141;180
.rb    00;38;2;255;141;180
.php   00;38;2;255;141;180
.lua   00;38;2;255;141;180

.sh    00;38;2;255;126;182
.zsh   00;38;2;255;126;182
.bash  00;38;2;255;126;182
.fish  00;38;2;255;126;182
.ps1   00;38;2;255;126;182

.sql     00;38;2;255;126;182
.csv     00;38;2;255;126;182
.parquet 00;38;2;255;126;182
.ipynb   00;38;2;255;126;182

# Web
.html  00;38;2;255;126;182
.css   00;38;2;255;141;180
.scss  00;38;2;255;141;180
.sass  00;38;2;255;141;180

# Markup and docs
.pdf   01;38;2;255;126;182
.epub  01;38;2;255;126;182

# ===================================================================
# VCS and build
# ===================================================================
.gitignore    00;38;2;75;31;53
.gitattributes 00;38;2;75;31;53
.gitmodules   00;38;2;75;31;53
.patch        00;38;2;255;126;182
.diff         00;38;2;255;126;182
.makefile     00;38;2;255;126;182
.cmake        00;38;2;255;126;182
.mk           00;38;2;255;126;182
.o            00;38;2;75;31;53
.so           00;38;2;75;31;53
.a            00;38;2;75;31;53
.class        00;38;2;75;31;53
.pyc          00;38;2;75;31;53

# ===================================================================
# Keys, certs, secrets
# ===================================================================
.pem  01;38;2;255;77;148
.key  01;38;2;255;77;148
.crt  01;38;2;255;77;148
.pub  00;38;2;255;141;180
.kdb  01;38;2;255;77;148
.gpg  01;38;2;255;77;148
.asc  01;38;2;255;77;148

# ===================================================================
# Temp, backups, partials
# ===================================================================
*~        00;38;2;75;31;53
*#        00;38;2;75;31;53
.bak      00;38;2;75;31;53
.crdownload 00;38;2;75;31;53
.dpkg-dist  00;38;2;75;31;53
.dpkg-new   00;38;2;75;31;53
.dpkg-old   00;38;2;75;31;53
.old      00;38;2;75;31;53
.orig     00;38;2;75;31;53
.part     00;38;2;75;31;53
.rej      00;38;2;75;31;53
.rpmnew   00;38;2;75;31;53
.rpmsave  00;38;2;75;31;53
.swp      00;38;2;75;31;53
.tmp      00;38;2;75;31;53
.ucf-dist 00;38;2;75;31;53
.ucf-new  00;38;2;75;31;53
.ucf-old  00;38;2;75;31;53
