# White dircolors

# ===================================================================
# Terminal filters
# ===================================================================

# White Band monochrome palette
# white    #ffffff
# light    #e0e0e0
# mid      #bdbdbd
# dark     #9e9e9e
# deep     #757575
# accent   #ff5252

# Terminal filters
COLORTERM ?*
TERM *color*
TERM *direct*
TERM xterm*
TERM screen*
TERM tmux*
TERM rxvt*
TERM st
TERM linux
TERM konsole
TERM kitty
TERM foot
TERM gnome
TERM wezterm

# Basic file attributes
RESET 0

DIR 01;38;2;255;255;255
LINK 01;38;2;189;189;189
MULTIHARDLINK 00
FIFO 48;2;16;16;16;38;2;158;158;158
SOCK 01;38;2;255;255;255
DOOR 01;38;2;255;255;255
BLK  48;2;16;16;16;38;2;158;158;158;01
CHR  48;2;16;16;16;38;2;158;158;158;01
ORPHAN 48;2;16;16;16;38;2;255;82;82;01
MISSING 00
SETUID 38;2;224;224;224;48;2;255;82;82
SETGID 38;2;16;16;16;48;2;158;158;158
CAPABILITY 00
STICKY_OTHER_WRITABLE 38;2;16;16;16;48;2;255;255;255
OTHER_WRITABLE       38;2;255;255;255;48;2;255;255;255
STICKY               38;2;224;224;224;48;2;255;255;255
EXEC 01;38;2;255;255;255

# Archives and compressed
.7z  01;38;2;255;82;82
.ace 01;38;2;255;82;82
.alz 01;38;2;255;82;82
.apk 01;38;2;255;82;82
.arc 01;38;2;255;82;82
.arj 01;38;2;255;82;82
.bz  01;38;2;255;82;82
.bz2 01;38;2;255;82;82
.cab 01;38;2;255;82;82
.cpio 01;38;2;255;82;82
.crate 01;38;2;255;82;82
.deb 01;38;2;255;82;82
.dmg 01;38;2;255;82;82
.drz 01;38;2;255;82;82
.dwm 01;38;2;255;82;82
.dz  01;38;2;255;82;82
.ear 01;38;2;255;82;82
.egg 01;38;2;255;82;82
.gz  01;38;2;255;82;82
.iso 01;38;2;255;82;82
.jar 01;38;2;255;82;82
.lha 01;38;2;255;82;82
.lrz 01;38;2;255;82;82
.lz  01;38;2;255;82;82
.lz4 01;38;2;255;82;82
.lzh 01;38;2;255;82;82
.lzma 01;38;2;255;82;82
.lzo 01;38;2;255;82;82
.rar 01;38;2;255;82;82
.rpm 01;38;2;255;82;82
.rz  01;38;2;255;82;82
.sar 01;38;2;255;82;82
.tar 01;38;2;255;82;82
.taz 01;38;2;255;82;82
.tbz 01;38;2;255;82;82
.tbz2 01;38;2;255;82;82
.tgz 01;38;2;255;82;82
.tlz 01;38;2;255;82;82
.txz 01;38;2;255;82;82
.tz  01;38;2;255;82;82
.tzo 01;38;2;255;82;82
.tzst 01;38;2;255;82;82
.udeb 01;38;2;255;82;82
.war 01;38;2;255;82;82
.whl 01;38;2;255;82;82
.wim 01;38;2;255;82;82
.xz  01;38;2;255;82;82
.z   01;38;2;255;82;82
.zip 01;38;2;255;82;82
.zoo 01;38;2;255;82;82
.zst 01;38;2;255;82;82

# Images and video
.avif 01;38;2;224;224;224
.bmp  01;38;2;224;224;224
.gif  01;38;2;224;224;224
.jpg  01;38;2;224;224;224
.jpeg 01;38;2;224;224;224
.png  01;38;2;224;224;224
.svg  01;38;2;224;224;224
.tif  01;38;2;224;224;224
.tiff 01;38;2;224;224;224
.webp 01;38;2;224;224;224
.xcf  01;38;2;224;224;224
.avi  01;38;2;224;224;224
.flv  01;38;2;224;224;224
.m2v  01;38;2;224;224;224
.m4v  01;38;2;224;224;224
.mkv  01;38;2;224;224;224
.mov  01;38;2;224;224;224
.mp4  01;38;2;224;224;224
.mpeg 01;38;2;224;224;224
.mpg  01;38;2;224;224;224
.ogm  01;38;2;224;224;224
.ogv  01;38;2;224;224;224
.qt   01;38;2;224;224;224
.webm 01;38;2;224;224;224
.wmv  01;38;2;224;224;224

# Audio
.aac  00;38;2;189;189;189
.au   00;38;2;189;189;189
.flac 00;38;2;189;189;189
.m4a  00;38;2;189;189;189
.mid  00;38;2;189;189;189
.midi 00;38;2;189;189;189
.mka  00;38;2;189;189;189
.mp3  00;38;2;189;189;189
.mpc  00;38;2;189;189;189
.ogg  00;38;2;189;189;189
.opus 00;38;2;189;189;189
.ra   00;38;2;189;189;189
.wav  00;38;2;189;189;189
.xspf 00;38;2;189;189;189

# Documents, configs, code
.md    00;38;2;224;224;224
.txt   00;38;2;224;224;224
.rst   00;38;2;224;224;224
.log   00;38;2;224;224;224
.json  00;38;2;189;189;189
.jsonl 00;38;2;189;189;189
.yaml  00;38;2;158;158;158
.yml   00;38;2;158;158;158
.toml  00;38;2;158;158;158
.ini   00;38;2;158;158;158
.env   00;38;2;158;158;158
.conf  00;38;2;158;158;158

.py    00;38;2;189;189;189
.pyc   00;38;2;117;117;117
.pyo   00;38;2;117;117;117
.rs    00;38;2;189;189;189
.ts    00;38;2;189;189;189
.tsx   00;38;2;189;189;189
.js    00;38;2;158;158;158
.jsx   00;38;2;158;158;158
.c     00;38;2;189;189;189
.cc    00;38;2;189;189;189
.cpp   00;38;2;189;189;189
.h     00;38;2;189;189;189
.hpp   00;38;2;189;189;189
.go    00;38;2;189;189;189
.java  00;38;2;189;189;189
.kt    00;38;2;189;189;189
.swift 00;38;2;189;189;189
.rb    00;38;2;189;189;189
.php   00;38;2;189;189;189
.lua   00;38;2;189;189;189
.sh    00;38;2;255;255;255
.zsh   00;38;2;255;255;255
.bash  00;38;2;255;255;255
.fish  00;38;2;255;255;255
.ps1   00;38;2;255;255;255
.sql   00;38;2;158;158;158
.csv   00;38;2;158;158;158
.parquet 00;38;2;158;158;158
.ipynb 00;38;2;158;158;158

.html  00;38;2;158;158;158
.css   00;38;2;189;189;189
.scss  00;38;2;189;189;189
.sass  00;38;2;189;189;189

.pdf   01;38;2;224;224;224
.epub  01;38;2;224;224;224

# VCS and build
.gitignore   00;38;2;117;117;117
.gitattributes 00;38;2;117;117;117
.gitmodules  00;38;2;117;117;117
.patch 00;38;2;117;117;117
.diff  00;38;2;117;117;117
.makefile 00;38;2;117;117;117
.cmake 00;38;2;117;117;117
.mk    00;38;2;117;117;117
.o     00;38;2;117;117;117
.so    00;38;2;117;117;117
.a     00;38;2;117;117;117
.class 00;38;2;117;117;117
.pyc   00;38;2;117;117;117

# Keys, certs, secrets
.pem   01;38;2;255;82;82
.key   01;38;2;255;82;82
.crt   01;38;2;255;82;82
.kdb   01;38;2;255;82;82
.gpg   01;38;2;255;82;82
.asc   01;38;2;255;82;82
.pub   01;38;2;189;189;189

# Temp, backups, partials
*~        00;38;2;117;117;117
*#        00;38;2;117;117;117
.bak      00;38;2;117;117;117
.crdownload 00;38;2;117;117;117
.dpkg-dist  00;38;2;117;117;117
.dpkg-new   00;38;2;117;117;117
.dpkg-old   00;38;2;117;117;117
.old      00;38;2;117;117;117
.orig     00;38;2;117;117;117
.part     00;38;2;117;117;117
.rej      00;38;2;117;117;117
.rpmnew   00;38;2;117;117;117
.rpmsave  00;38;2;117;117;117
.swp      00;38;2;117;117;117
.tmp      00;38;2;117;117;117
.ucf-dist 00;38;2;117;117;117
.ucf-new  00;38;2;117;117;117
.ucf-old  00;38;2;117;117;117
